Index,Active,Type,Module,Terminal,Channel Name,Scaling Type,units,Param1,Param2,Param3,Param4,Param5
0,1,measurement,0,0,time,1.00000E-6,0.00000,0.00000,0.00000,0.00000,s,
1,1,measurement,1,0,gearbox,0.00000,0.00000,0.00000,0.00000,0.00000,deg C,
2,1,measurement,1,1,compressor bearing,0.00000,0.00000,0.00000,0.00000,0.00000,deg C,
3,1,measurement,1,2,shaft bearing,0.00000,0.00000,0.00000,0.00000,0.00000,deg C,
4,1,measurement,1,3,oil outlet,0.00000,0.00000,0.00000,0.00000,0.00000,deg C,
5,1,measurement,1,4,inlet 1,0.00000,0.00000,0.00000,0.00000,0.00000,deg C,
6,1,measurement,1,5,inlet 2,0.00000,0.00000,0.00000,0.00000,0.00000,deg C,
7,1,measurement,1,6,outlet 1,0.00000,0.00000,0.00000,0.00000,0.00000,deg C,
8,1,measurement,1,7,outlet 2,0.00000,0.00000,0.00000,0.00000,0.00000,deg C,
9,1,measurement,1,8,CJC_A,0.00000,0.00000,0.00000,0.00000,0.00000,deg C,
10,1,measurement,1,9,CJC_B,0.00000,0.00000,0.00000,0.00000,0.00000,deg C,
11,1,measurement,2,0,RTD_0,1.00000,0.00000,0.00000,0.00000,0.00000,deg C,
12,1,measurement,2,1,RTD_1,1.00000,0.00000,0.00000,0.00000,0.00000,deg C,
13,1,measurement,2,2,RTD_2,1.00000,0.00000,0.00000,0.00000,0.00000,deg C,
14,1,measurement,2,3,RTD_3,1.00000,0.00000,0.00000,0.00000,0.00000,deg C,
15,0,measurement,3,0,,0.00000,0.00000,0.00000,0.00000,0.00000,,
16,1,measurement,3,1,inlet pressure,1405.20000,0.00000,0.00000,0.00000,0.00000,bar,
17,1,measurement,3,2,outlet pressure,2290.30000,0.00000,0.00000,0.00000,0.00000,bar,
18,1,measurement,3,3,plenum pressure,2326.30000,0.00000,0.00000,0.00000,0.00000,bar,
19,1,measurement,4,0,Motor speed,74300.00000,0.00000,0.00000,0.00000,0.00000,RPM,
20,1,measurement,4,1,V-cone delta P,37.50000,-4.00000,0.00000,0.00000,0.00000,bar,
21,0,measurement,4,2,,0.00000,0.00000,0.00000,0.00000,0.00000,,
22,0,measurement,4,3,,0.00000,0.00000,0.00000,0.00000,0.00000,,
23,0,measurement,4,4,,0.00000,0.00000,0.00000,0.00000,0.00000,,
24,0,measurement,4,5,,0.00000,0.00000,0.00000,0.00000,0.00000,,
25,0,measurement,4,6,,0.00000,0.00000,0.00000,0.00000,0.00000,,
26,1,measurement,4,7,Motor power,5500.00000,0.00000,0.00000,0.00000,0.00000,W,
27,1,measurement,5,0,Accelerometer,98.10000,0.00000,0.00000,0.00000,0.00000,m/s/s,
28,1,measurement,5,1,,0.00000,0.00000,0.00000,0.00000,0.00000,,
29,1,measurement,5,2,,0.00000,0.00000,0.00000,0.00000,0.00000,,
30,1,measurement,5,3,,0.00000,0.00000,0.00000,0.00000,0.00000,,
31,1,measurement,5,4,,0.00000,0.00000,0.00000,0.00000,0.00000,,
32,1,measurement,5,5,,0.00000,0.00000,0.00000,0.00000,0.00000,,
33,1,measurement,5,6,Hotwire 1,0.00000,0.00000,0.00000,0.00000,0.00000,,
34,1,measurement,5,7,,0.00000,0.00000,0.00000,0.00000,0.00000,,
35,1,measurement,5,8,,0.00000,0.00000,0.00000,0.00000,0.00000,,
36,1,measurement,5,9,,0.00000,0.00000,0.00000,0.00000,0.00000,,
37,1,measurement,5,10,,0.00000,0.00000,0.00000,0.00000,0.00000,,
38,1,measurement,5,11,,0.00000,0.00000,0.00000,0.00000,0.00000,,
39,1,measurement,5,12,,0.00000,0.00000,0.00000,0.00000,0.00000,,
40,1,measurement,5,13,,0.00000,0.00000,0.00000,0.00000,0.00000,,
41,1,measurement,5,14,,0.00000,0.00000,0.00000,0.00000,0.00000,,
42,1,measurement,5,15,,0.00000,0.00000,0.00000,0.00000,0.00000,,
43,1,measurement,5,16,,0.00000,0.00000,0.00000,0.00000,0.00000,,
44,1,measurement,5,17,,0.00000,0.00000,0.00000,0.00000,0.00000,,
45,1,measurement,5,18,,0.00000,0.00000,0.00000,0.00000,0.00000,,
46,1,measurement,5,19,,0.00000,0.00000,0.00000,0.00000,0.00000,,
47,1,measurement,5,20,,0.00000,0.00000,0.00000,0.00000,0.00000,,
48,1,measurement,5,21,oil pressure,1.00000,0.00000,0.00000,0.00000,0.00000,?,
49,1,measurement,5,22,butterfly valve position,0.00000,0.00000,0.00000,0.00000,0.00000,,
50,1,measurement,5,23,ball valve position,0.00000,0.00000,0.00000,0.00000,0.00000,,
51,1,measurement,5,24,,0.00000,0.00000,0.00000,0.00000,0.00000,,
52,1,measurement,5,25,,0.00000,0.00000,0.00000,0.00000,0.00000,,
53,1,measurement,5,26,,0.00000,0.00000,0.00000,0.00000,0.00000,,
54,1,measurement,5,27,,0.00000,0.00000,0.00000,0.00000,0.00000,,
55,1,measurement,5,28,,0.00000,0.00000,0.00000,0.00000,0.00000,,
56,1,measurement,5,29,,0.00000,0.00000,0.00000,0.00000,0.00000,,
57,1,measurement,5,30,,0.00000,0.00000,0.00000,0.00000,0.00000,,
58,1,measurement,5,31,,0.00000,0.00000,0.00000,0.00000,0.00000,,
59,1,output,6,0,ball valve drive,-10.00000,10.00000,0.00000,0.00000,0.00000,%,
60,1,output,6,1,,0.00000,0.00000,0.00000,0.00000,0.00000,,
61,1,output,6,2,,0.00000,0.00000,0.00000,0.00000,0.00000,,
62,1,output,6,3,butterfly valve drive,-10.00000,10.00000,0.00000,0.00000,0.00000,%,
63,1,digital,7,0,,0.00000,0.00000,0.00000,0.00000,0.00000,,
64,1,digital,7,1,,0.00000,0.00000,0.00000,0.00000,0.00000,,
65,1,digital,7,2,,0.00000,0.00000,0.00000,0.00000,0.00000,,
66,1,digital,7,3,shaft encoder,8.00000,0.00000,0.00000,0.00000,0.00000,RPM,
67,1,digital,7,4,e-stop,0.00000,0.00000,0.00000,0.00000,0.00000,,
68,1,digital,7,5,,0.00000,0.00000,0.00000,0.00000,0.00000,,
69,1,digital,7,6,,0.00000,0.00000,0.00000,0.00000,0.00000,,
70,1,digital,7,7,pulsator encoder,1.00000,0.00000,0.00000,0.00000,0.00000,RPM,
71,1,digital,8,0,,0.00000,0.00000,0.00000,0.00000,0.00000,,
72,1,digital,8,1,,0.00000,0.00000,0.00000,0.00000,0.00000,,
73,1,digital,8,2,,0.00000,0.00000,0.00000,0.00000,0.00000,,
74,1,digital,8,3,,0.00000,0.00000,0.00000,0.00000,0.00000,,
75,1,digital,8,4,,0.00000,0.00000,0.00000,0.00000,0.00000,,
76,1,digital,8,5,,0.00000,0.00000,0.00000,0.00000,0.00000,,
77,1,digital,8,6,,0.00000,0.00000,0.00000,0.00000,0.00000,,
78,1,digital,8,7,,0.00000,0.00000,0.00000,0.00000,0.00000,,
79,0,measurement,/,,Torque encoder,39.00000,0.00000,0.00000,0.00000,0.00000,RPM,
80,0,measurement,/,,Torque phase,0.00000,0.00000,0.00000,0.00000,0.00000,,
81,1,measurement,/,,pulsator encoder,1.00000,0.00000,0.00000,0.00000,0.00000,ROM,
